
------------------------ 2012-12-22 16:03:10 ------------------------
Error Type: 38
Data Length: 1681
Error for player ; dfggfdg - account ; admin
WARP_TO_MAP Opcode: 204
02 00 01 00 00 00 00 00 00 00 02 00 00 00 00 00 00 00 01 00 00 00 00 00 00 00 00 01 00 00 00 00 01 00 00 88 63 9C 7F 88 63 9C 7F 88 63 9C 7F FF FF FF FF FD FF FF FF 00 00 00 00 00 00 00 00 16 00 00 00 64 66 67 67 66 64 67 00 00 00 00 00 00 00 03 33 4E 00 00 62 75 00 00 00 00 00 00 00 00 00 00 00 00 00 00 00 00 00 00 00 00 00 00 00 00 00 00 01 B2 01 0C 00 05 00 04 00 04 00 AC 01 00 00 AC 01 00 00 32 00 00 00 32 00 00 00 00 00 04 00 00 00 00 00 00 00 00 00 00 00 00 00 10 27 00 00 00 00 00 00 00 01 00 00 68 8C EE 77 00 00 00 00 00 00 00 00 00 00 00 00 00 00 00 00 00 00 00 00 00 00 00 00 00 00 00 00 00 00 00 00 00 00 00 00 00 00 40 E0 FD 3B 37 4F 01 00 00 00 00 0A 00 00 00 00 05 00 00 00 00 00 3B 37 4F 01 00 40 E0 FD 00 00 00 00 00 00 00 00 00 00 00 00 00 00 00 00 00 00 00 00 00 00 00 00 00 00 00 00 00 00 00 00 00 00 00 00 00 00 00 00 00 00 00 00 00 00 00 00 00 00 00 00 00 00 00 00 00 00 00 66 E0 CD 01 40 E7 CA 38 14 01 06 00 53 74 65 76 65 6E 01 09 00 44 75 61 6C 42 6C 61 64 65 00 00 00 00 00 00 00 00 00 20 20 20 20 3C 00 40 E0 FD 3B 37 4F 01 05 00 01 19 DF 0F 00 00 00 80 05 BB 46 E6 17 02 FF FF FF FF 07 00 00 00 00 00 00 00 00 00 00 00 00 00 00 00 00 00 03 00 00 00 00 00 00 00 00 00 00 00 00 00 00 00 00 00 00 01 00 00 00 00 FF FF FF FF 00 00 00 00 00 00 00 00 00 00 00 00 00 00 00 00 00 00 00 00 FF FF FF FF FF FF F9 EF 5F 00 00 00 00 00 00 40 E0 FD 3B 37 4F 01 FF FF FF FF 06 00 01 2C 2D 10 00 00 00 80 05 BB 46 E6 17 02 FF FF FF FF 07 00 00 00 00 00 00 00 00 00 00 00 00 00 00 00 00 00 02 00 00 00 00 00 00 00 00 00 00 00 00 00 00 00 00 00 00 01 00 00 00 00 FF FF FF FF 00 00 00 00 00 00 00 00 00 00 00 00 00 00 00 00 00 00 00 00 FF FF FF FF FF FF FA EF 5F 00 00 00 00 00 00 40 E0 FD 3B 37 4F 01 FF FF FF FF 07 00 01 A5 5B 10 00 00 00 80 05 BB 46 E6 17 02 FF FF FF FF 05 00 00 00 00 00 00 00 00 00 00 00 00 00 00 00 00 00 02 00 00 00 00 00 00 00 00 00 00 00 00 00 00 00 00 00 00 01 00 00 00 00 FF FF FF FF 00 00 00 00 00 00 00 00 00 00 00 00 00 00 00 00 00 00 00 00 FF FF FF FF FF FF FB EF 5F 00 00 00 00 00 00 40 E0 FD 3B 37 4F 01 FF FF FF FF 0B 00 01 6D 2C 14 00 00 00 80 05 BB 46 E6 17 02 FF FF FF FF 07 00 00 00 00 00 00 00 00 00 00 00 00 00 13 00 00 00 00 00 00 00 00 00 00 00 00 00 00 00 00 00 00 00 00 00 00 01 00 00 00 00 FF FF FF FF 00 00 00 00 00 00 00 00 00 00 00 00 00 00 00 00 00 00 00 00 FF FF FF FF FF FF FC EF 5F 00 00 00 00 00 00 40 E0 FD 3B 37 4F 01 FF FF FF FF 37 00 01 20 E2 11 00 00 00 80 05 BB 46 E6 17 02 FF FF FF FF 00 00 01 00 01 00 01 00 01 00 00 00 00 00 00 00 00 00 00 00 00 00 00 00 00 00 00 00 00 00 00 00 00 00 00 00 00 01 00 00 00 00 FF FF FF FF 00 00 00 00 00 00 00 00 00 00 00 00 00 00 00 00 00 00 00 00 FF FF FF FF FF FF FF FF FF FF FF FF FF FF 00 40 E0 FD 3B 37 4F 01 FF FF FF FF 00 00 00 00 00 00 00 00 00 00 00 00 00 00 00 00 00 00 FF FF FF FF 00 00 00 00 00 00 00 00 00 01 0E 00 80 B8 C4 04 01 00 00 00 00 80 05 BB 46 E6 17 02 0C 00 00 00 14 00 00 00 00 80 05 BB 46 E6 17 02 49 00 00 00 18 00 00 00 00 80 05 BB 46 E6 17 02 0F 3D 42 00 00 00 00 00 00 80 05 BB 46 E6 17 02 0A 00 00 00 FA 15 42 00 00 00 00 00 00 80 05 BB 46 E6 17 02 0A 00 00 00 DB C7 41 00 FF FF FF FF 00 80 05 BB 46 E6 17 02 05 00 00 00 EE EE 41 00 FF FF FF FF 00 80 05 BB 46 E6 17 02 05 00 00 00 0E 3D 42 00 00 00 00 00 00 80 05 BB 46 E6 17 02 0A 00 00 00 19 12 42 00 00 00 00 00 00 80 05 BB 46 E6 17 02 0A 00 00 00 2D 39 42 00 00 00 00 00 00 80 05 BB 46 E6 17 02 0A 00 00 00 0C 3D 42 00 00 00 00 00 00 80 05 BB 46 E6 17 02 0A 00 00 00 13 3D 42 00 00 00 00 00 00 80 05 BB 46 E6 17 02 0A 00 00 00 2C 39 42 00 00 00 00 00 00 80 05 BB 46 E6 17 02 0A 00 00 00 08 3D 42 00 00 00 00 00 00 80 05 BB 46 E6 17 02 0A 00 00 00 00 00 01 00 00 00 00 01 00 00 00 00 00 00 00 00 00 00 FF C9 9A 3B FF C9 9A 3B FF C9 9A 3B FF C9 9A 3B FF C9 9A 3B FF C9 9A 3B FF C9 9A 3B FF C9 9A 3B FF C9 9A 3B FF C9 9A 3B FF C9 9A 3B FF C9 9A 3B FF C9 9A 3B FF C9 9A 3B FF C9 9A 3B FF C9 9A 3B FF C9 9A 3B FF C9 9A 3B FF C9 9A 3B FF C9 9A 3B FF C9 9A 3B FF C9 9A 3B FF C9 9A 3B FF C9 9A 3B FF C9 9A 3B FF C9 9A 3B FF C9 9A 3B FF C9 9A 3B FF C9 9A 3B FF C9 9A 3B FF C9 9A 3B FF C9 9A 3B FF C9 9A 3B FF C9 9A 3B FF C9 9A 3B FF C9 9A 3B FF C9 9A 3B FF C9 9A 3B FF C9 9A 3B FF C9 9A 3B FF C9 9A 3B 00 00 00 00 00 05 00 01 00 01 07 00 01 A2 17 01 B1 1B 01 D8 1F 01 FF FF FF FF 00 00 00 00 00 00 00 00 00 00 00 00 00 00 00 00 00 00 00 00 00 00 00 00 00 00 00 00 00 00 00 00 00 00 00 00 00 00 00 00 00 00 00 00 00 00 00 00 00 00 00 00 00 00 00 00 00 00 00 00 00 00 00 00 00 00 00 00 00 00 00 00 00 00 00 00 00 00 00 00 01 00 00 00 00 00 00 00 00 00 00 00 00 00 00 00 00 00 00 00 00 00 00 00 00 00 00 00 00 00 00 00 00 00 00 00 00 00 00 00 00 00 00 00 00 00 00 00 00 00 00 00 00 00 00 00 00 00 00 00 00 00 00 00 00 00 00 00 00 00 00 00 00 00 00 00 00 00 00 00 50 CE 34 63 2F E1 CD 01 00 00 00 00 00 00 00 00 00 00 00 00 00 00 00 00 00 00 00 00 00 00 00 00 00 00 00 00 00 00 00 00 00 00 00 00 00 00 00 00 00 00 00 00 00 00 00 00 00 00 00 00 00 00 00 00 00 00 00 00 00 00 00 00 00 00 00 00 00 00 00 50 0E CB 38 66 E0 CD 01 64 00 00 00 00 01
 MapID: 10000


------------------------ 2012-12-22 16:03:58 ------------------------
Error Type: 38
Data Length: 1681
Error for player ; dfggfdg - account ; admin
WARP_TO_MAP Opcode: 204
02 00 01 00 00 00 00 00 00 00 02 00 00 00 00 00 00 00 00 00 00 00 00 00 00 00 00 01 00 00 00 00 01 00 00 FE 68 D9 69 FE 68 D9 69 FE 68 D9 69 FF FF FF FF FD FF FF FF 00 00 00 00 00 00 00 00 16 00 00 00 64 66 67 67 66 64 67 00 00 00 00 00 00 00 03 33 4E 00 00 62 75 00 00 00 00 00 00 00 00 00 00 00 00 00 00 00 00 00 00 00 00 00 00 00 00 00 00 01 B2 01 0C 00 05 00 04 00 04 00 AC 01 00 00 AC 01 00 00 32 00 00 00 32 00 00 00 00 00 04 00 00 00 00 00 00 00 00 00 00 00 00 00 10 27 00 00 00 00 00 00 00 01 00 00 68 8C EE 77 00 00 00 00 00 00 00 00 00 00 00 00 00 00 00 00 00 00 00 00 00 00 00 00 00 00 00 00 00 00 00 00 00 00 00 00 00 00 40 E0 FD 3B 37 4F 01 00 00 00 00 0A 00 00 00 00 05 00 00 00 00 00 3B 37 4F 01 00 40 E0 FD 00 00 00 00 00 00 00 00 00 00 00 00 00 00 00 00 00 00 00 00 00 00 00 00 00 00 00 00 00 00 00 00 00 00 00 00 00 00 00 00 00 00 00 00 00 00 00 00 00 00 00 00 00 00 00 00 00 00 00 66 E0 CD 01 20 CA 7C 55 14 01 06 00 53 74 65 76 65 6E 01 09 00 44 75 61 6C 42 6C 61 64 65 00 00 00 00 00 00 00 00 00 20 20 20 20 3C 00 40 E0 FD 3B 37 4F 01 05 00 01 19 DF 0F 00 00 00 80 05 BB 46 E6 17 02 FF FF FF FF 07 00 00 00 00 00 00 00 00 00 00 00 00 00 00 00 00 00 03 00 00 00 00 00 00 00 00 00 00 00 00 00 00 00 00 00 00 01 00 00 00 00 FF FF FF FF 00 00 00 00 00 00 00 00 00 00 00 00 00 00 00 00 00 00 00 00 FF FF FF FF FF FF FF FF FF FF FF FF FF FF 00 40 E0 FD 3B 37 4F 01 FF FF FF FF 06 00 01 2C 2D 10 00 00 00 80 05 BB 46 E6 17 02 FF FF FF FF 07 00 00 00 00 00 00 00 00 00 00 00 00 00 00 00 00 00 02 00 00 00 00 00 00 00 00 00 00 00 00 00 00 00 00 00 00 01 00 00 00 00 FF FF FF FF 00 00 00 00 00 00 00 00 00 00 00 00 00 00 00 00 00 00 00 00 FF FF FF FF FF FF FF FF FF FF FF FF FF FF 00 40 E0 FD 3B 37 4F 01 FF FF FF FF 07 00 01 A5 5B 10 00 00 00 80 05 BB 46 E6 17 02 FF FF FF FF 05 00 00 00 00 00 00 00 00 00 00 00 00 00 00 00 00 00 02 00 00 00 00 00 00 00 00 00 00 00 00 00 00 00 00 00 00 01 00 00 00 00 FF FF FF FF 00 00 00 00 00 00 00 00 00 00 00 00 00 00 00 00 00 00 00 00 FF FF FF FF FF FF FF FF FF FF FF FF FF FF 00 40 E0 FD 3B 37 4F 01 FF FF FF FF 0B 00 01 6D 2C 14 00 00 00 80 05 BB 46 E6 17 02 FF FF FF FF 07 00 00 00 00 00 00 00 00 00 00 00 00 00 13 00 00 00 00 00 00 00 00 00 00 00 00 00 00 00 00 00 00 00 00 00 00 01 00 00 00 00 FF FF FF FF 00 00 00 00 00 00 00 00 00 00 00 00 00 00 00 00 00 00 00 00 FF FF FF FF FF FF FF FF FF FF FF FF FF FF 00 40 E0 FD 3B 37 4F 01 FF FF FF FF 37 00 01 20 E2 11 00 00 00 80 05 BB 46 E6 17 02 FF FF FF FF 00 00 01 00 01 00 01 00 01 00 00 00 00 00 00 00 00 00 00 00 00 00 00 00 00 00 00 00 00 00 00 00 00 00 00 00 00 01 00 00 00 00 FF FF FF FF 00 00 00 00 00 00 00 00 00 00 00 00 00 00 00 00 00 00 00 00 FF FF FF FF FF FF FF FF FF FF FF FF FF FF 00 40 E0 FD 3B 37 4F 01 FF FF FF FF 00 00 00 00 00 00 00 00 00 00 00 00 00 00 00 00 00 00 FF FF FF FF 00 00 00 00 00 00 00 00 00 01 0E 00 80 B8 C4 04 01 00 00 00 00 80 05 BB 46 E6 17 02 0C 00 00 00 14 00 00 00 00 80 05 BB 46 E6 17 02 49 00 00 00 18 00 00 00 00 80 05 BB 46 E6 17 02 0F 3D 42 00 00 00 00 00 00 80 05 BB 46 E6 17 02 0A 00 00 00 FA 15 42 00 00 00 00 00 00 80 05 BB 46 E6 17 02 0A 00 00 00 DB C7 41 00 FF FF FF FF 00 80 05 BB 46 E6 17 02 05 00 00 00 EE EE 41 00 FF FF FF FF 00 80 05 BB 46 E6 17 02 05 00 00 00 0E 3D 42 00 00 00 00 00 00 80 05 BB 46 E6 17 02 0A 00 00 00 19 12 42 00 00 00 00 00 00 80 05 BB 46 E6 17 02 0A 00 00 00 2D 39 42 00 00 00 00 00 00 80 05 BB 46 E6 17 02 0A 00 00 00 0C 3D 42 00 00 00 00 00 00 80 05 BB 46 E6 17 02 0A 00 00 00 13 3D 42 00 00 00 00 00 00 80 05 BB 46 E6 17 02 0A 00 00 00 2C 39 42 00 00 00 00 00 00 80 05 BB 46 E6 17 02 0A 00 00 00 08 3D 42 00 00 00 00 00 00 80 05 BB 46 E6 17 02 0A 00 00 00 00 00 01 00 00 00 00 01 00 00 00 00 00 00 00 00 00 00 FF C9 9A 3B FF C9 9A 3B FF C9 9A 3B FF C9 9A 3B FF C9 9A 3B FF C9 9A 3B FF C9 9A 3B FF C9 9A 3B FF C9 9A 3B FF C9 9A 3B FF C9 9A 3B FF C9 9A 3B FF C9 9A 3B FF C9 9A 3B FF C9 9A 3B FF C9 9A 3B FF C9 9A 3B FF C9 9A 3B FF C9 9A 3B FF C9 9A 3B FF C9 9A 3B FF C9 9A 3B FF C9 9A 3B FF C9 9A 3B FF C9 9A 3B FF C9 9A 3B FF C9 9A 3B FF C9 9A 3B FF C9 9A 3B FF C9 9A 3B FF C9 9A 3B FF C9 9A 3B FF C9 9A 3B FF C9 9A 3B FF C9 9A 3B FF C9 9A 3B FF C9 9A 3B FF C9 9A 3B FF C9 9A 3B FF C9 9A 3B FF C9 9A 3B 00 00 00 00 00 05 00 01 00 01 07 00 01 A2 17 01 B1 1B 01 D8 1F 01 FF FF FF FF 00 00 00 00 00 00 00 00 00 00 00 00 00 00 00 00 00 00 00 00 00 00 00 00 00 00 00 00 00 00 00 00 00 00 00 00 00 00 00 00 00 00 00 00 00 00 00 00 00 00 00 00 00 00 00 00 00 00 00 00 00 00 00 00 00 00 00 00 00 00 00 00 00 00 00 00 00 00 00 00 01 00 00 00 00 00 00 00 00 00 00 00 00 00 00 00 00 00 00 00 00 00 00 00 00 00 00 00 00 00 00 00 00 00 00 00 00 00 00 00 00 00 00 00 00 00 00 00 00 00 00 00 00 00 00 00 00 00 00 00 00 00 00 00 00 00 00 00 00 00 00 00 00 00 00 00 00 00 00 00 20 8A E6 7F 2F E1 CD 01 00 00 00 00 00 00 00 00 00 00 00 00 00 00 00 00 00 00 00 00 00 00 00 00 00 00 00 00 00 00 00 00 00 00 00 00 00 00 00 00 00 00 00 00 00 00 00 00 00 00 00 00 00 00 00 00 00 00 00 00 00 00 00 00 00 00 00 00 00 00 00 20 CA 7C 55 66 E0 CD 01 64 00 00 00 00 01
 MapID: 10000


------------------------ 2012-12-22 16:06:31 ------------------------
Error Type: 38
Data Length: 2185
Error for player ; 18515 - account ; admin
WARP_TO_MAP Opcode: 204
02 00 01 00 00 00 00 00 00 00 02 00 00 00 00 00 00 00 01 00 00 00 00 00 00 00 00 01 00 00 00 00 01 00 00 CF 13 5F 4C CF 13 5F 4C CF 13 5F 4C FF FF FF FF FD FF FF FF 00 00 00 00 00 00 00 00 14 00 00 00 31 38 35 31 35 00 00 00 00 00 00 00 00 00 00 2A 4E 00 00 46 75 00 00 00 00 00 00 00 00 00 00 00 00 00 00 00 00 00 00 00 00 00 00 00 00 00 00 C8 B2 01 0C 00 05 00 04 00 04 00 3C 00 00 00 32 00 00 00 32 00 00 00 32 00 00 00 05 00 03 00 00 00 00 00 00 00 00 00 00 00 00 00 20 4E 00 00 01 00 00 00 00 01 00 00 68 8C EE 77 00 00 00 00 00 00 00 00 00 00 00 00 00 00 00 00 00 00 00 00 50 00 00 00 00 00 00 00 00 00 00 00 00 00 00 00 00 00 40 E0 FD 3B 37 4F 01 00 00 00 00 0A 00 00 00 00 05 00 00 00 00 00 3B 37 4F 01 00 40 E0 FD 00 00 00 00 00 00 00 00 00 00 00 00 00 00 00 00 00 00 00 00 00 00 00 00 00 00 00 00 00 00 00 00 00 00 00 00 00 00 00 00 00 00 00 00 00 00 00 00 00 00 00 00 00 00 00 00 00 00 00 66 E0 CD 01 D0 5B 2B B0 14 01 06 00 53 74 65 76 65 6E 01 09 00 44 75 61 6C 42 6C 61 64 65 00 00 00 00 00 00 00 00 00 20 20 20 20 3C 00 40 E0 FD 3B 37 4F 01 05 00 01 19 DF 0F 00 00 00 80 05 BB 46 E6 17 02 FF FF FF FF 07 00 00 00 00 00 00 00 00 00 00 00 00 00 00 00 00 00 03 00 00 00 00 00 00 00 00 00 00 00 00 00 00 00 00 00 00 01 00 00 00 00 FF FF FF FF 00 00 00 00 00 00 00 00 00 00 00 00 00 00 00 00 00 00 00 00 FF FF FF FF FF FF 0D F0 5F 00 00 00 00 00 00 40 E0 FD 3B 37 4F 01 FF FF FF FF 06 00 01 A2 2C 10 00 00 00 80 05 BB 46 E6 17 02 FF FF FF FF 07 00 00 00 00 00 00 00 00 00 00 00 00 00 00 00 00 00 02 00 00 00 00 00 00 00 00 00 00 00 00 00 00 00 00 00 00 01 00 00 00 00 FF FF FF FF 00 00 00 00 00 00 00 00 00 00 00 00 00 00 00 00 00 00 00 00 FF FF FF FF FF FF 0E F0 5F 00 00 00 00 00 00 40 E0 FD 3B 37 4F 01 FF FF FF FF 07 00 01 71 5D 10 00 00 00 80 05 BB 46 E6 17 02 FF FF FF FF 05 00 00 00 00 00 00 00 00 00 00 00 00 00 00 00 00 00 02 00 00 00 00 00 00 00 00 00 00 00 00 00 00 00 00 00 00 01 00 00 00 00 FF FF FF FF 00 00 00 00 00 00 00 00 00 00 00 00 00 00 00 00 00 00 00 00 FF FF FF FF FF FF 0F F0 5F 00 00 00 00 00 00 40 E0 FD 3B 37 4F 01 FF FF FF FF 0B 00 01 8B DE 13 00 00 00 80 05 BB 46 E6 17 02 FF FF FF FF 07 00 00 00 00 00 00 00 00 00 00 00 00 00 11 00 00 00 00 00 00 00 00 00 00 00 00 00 00 00 00 00 00 00 00 00 00 01 00 00 00 00 FF FF FF FF 00 00 00 00 00 00 00 00 00 00 00 00 00 00 00 00 00 00 00 00 FF FF FF FF FF FF 10 F0 5F 00 00 00 00 00 00 40 E0 FD 3B 37 4F 01 FF FF FF FF 0C 00 01 57 FA 10 00 00 00 80 05 BB 46 E6 17 02 FF FF FF FF 00 00 0A 00 09 00 0A 00 0B 00 92 00 8F 00 00 00 00 00 00 00 00 00 00 00 00 00 00 00 00 00 00 00 00 00 28 00 00 01 00 00 00 00 FF FF FF FF 00 00 00 00 00 00 00 00 00 00 00 00 00 00 00 00 00 00 00 00 FF FF FF FF FF FF 11 F0 5F 00 00 00 00 00 00 40 E0 FD 3B 37 4F 01 FF FF FF FF 37 00 01 20 E2 11 00 00 00 80 05 BB 46 E6 17 02 FF FF FF FF 00 00 01 00 01 00 01 00 01 00 00 00 00 00 00 00 00 00 00 00 00 00 00 00 00 00 00 00 00 00 00 00 00 00 00 00 00 01 00 00 00 00 FF FF FF FF 00 00 00 00 00 00 00 00 00 00 00 00 00 00 00 00 00 00 00 00 FF FF FF FF FF FF FF FF FF FF FF FF FF FF 00 40 E0 FD 3B 37 4F 01 FF FF FF FF 00 00 00 00 00 00 00 00 00 00 00 00 00 00 00 00 00 00 FF FF FF FF 00 00 00 00 00 00 00 00 00 01 26 00 80 B8 C4 04 01 00 00 00 00 80 05 BB 46 E6 17 02 0C 00 00 00 14 00 00 00 00 80 05 BB 46 E6 17 02 49 00 00 00 18 00 00 00 00 80 05 BB 46 E6 17 02 6F A6 31 01 01 00 00 00 00 80 05 BB 46 E6 17 02 4F 58 31 01 01 00 00 00 00 80 05 BB 46 E6 17 02 4D 58 31 01 01 00 00 00 00 80 05 BB 46 E6 17 02 3F 31 31 01 01 00 00 00 00 80 05 BB 46 E6 17 02 2B EF C9 01 01 00 00 00 00 80 05 BB 46 E6 17 02 CD EE C9 01 01 00 00 00 00 80 05 BB 46 E6 17 02 BF 9A 98 00 01 00 00 00 00 80 05 BB 46 E6 17 02 9B 04 00 00 01 00 00 00 00 80 05 BB 46 E6 17 02 6D A6 31 01 01 00 00 00 00 80 05 BB 46 E6 17 02 3D 04 00 00 01 00 00 00 00 80 05 BB 46 E6 17 02 CF EE C9 01 01 00 00 00 00 80 05 BB 46 E6 17 02 5F 7F 31 01 01 00 00 00 00 80 05 BB 46 E6 17 02 5D 7F 31 01 01 00 00 00 00 80 05 BB 46 E6 17 02 BF C7 C9 01 01 00 00 00 00 80 05 BB 46 E6 17 02 1B 9B 98 00 01 00 00 00 00 80 05 BB 46 E6 17 02 9B 31 31 01 01 00 00 00 00 80 05 BB 46 E6 17 02 CB A6 31 01 01 00 00 00 00 80 05 BB 46 E6 17 02 AB 58 31 01 01 00 00 00 00 80 05 BB 46 E6 17 02 BD C7 C9 01 01 00 00 00 00 80 05 BB 46 E6 17 02 BB 7F 31 01 01 00 00 00 00 80 05 BB 46 E6 17 02 BD 9A 98 00 01 00 00 00 00 80 05 BB 46 E6 17 02 1B C8 C9 01 01 00 00 00 00 80 05 BB 46 E6 17 02 3F 04 00 00 01 00 00 00 00 80 05 BB 46 E6 17 02 3D 31 31 01 01 00 00 00 00 80 05 BB 46 E6 17 02 0F 3D 42 00 00 00 00 00 00 80 05 BB 46 E6 17 02 0A 00 00 00 FA 15 42 00 00 00 00 00 00 80 05 BB 46 E6 17 02 0A 00 00 00 DB C7 41 00 FF FF FF FF 00 80 05 BB 46 E6 17 02 05 00 00 00 EE EE 41 00 FF FF FF FF 00 80 05 BB 46 E6 17 02 05 00 00 00 0E 3D 42 00 00 00 00 00 00 80 05 BB 46 E6 17 02 0A 00 00 00 2C 39 42 00 00 00 00 00 00 80 05 BB 46 E6 17 02 0A 00 00 00 19 12 42 00 00 00 00 00 00 80 05 BB 46 E6 17 02 0A 00 00 00 2D 39 42 00 00 00 00 00 00 80 05 BB 46 E6 17 02 0A 00 00 00 08 3D 42 00 00 00 00 00 00 80 05 BB 46 E6 17 02 0A 00 00 00 0C 3D 42 00 00 00 00 00 00 80 05 BB 46 E6 17 02 0A 00 00 00 13 3D 42 00 00 00 00 00 00 80 05 BB 46 E6 17 02 0A 00 00 00 00 00 01 02 00 57 71 00 00 CC 74 00 00 00 00 01 00 00 00 00 00 00 00 00 00 00 FF C9 9A 3B FF C9 9A 3B FF C9 9A 3B FF C9 9A 3B FF C9 9A 3B FF C9 9A 3B FF C9 9A 3B FF C9 9A 3B FF C9 9A 3B FF C9 9A 3B FF C9 9A 3B FF C9 9A 3B FF C9 9A 3B FF C9 9A 3B FF C9 9A 3B FF C9 9A 3B FF C9 9A 3B FF C9 9A 3B FF C9 9A 3B FF C9 9A 3B FF C9 9A 3B FF C9 9A 3B FF C9 9A 3B FF C9 9A 3B FF C9 9A 3B FF C9 9A 3B FF C9 9A 3B FF C9 9A 3B FF C9 9A 3B FF C9 9A 3B FF C9 9A 3B FF C9 9A 3B FF C9 9A 3B FF C9 9A 3B FF C9 9A 3B FF C9 9A 3B FF C9 9A 3B FF C9 9A 3B FF C9 9A 3B FF C9 9A 3B FF C9 9A 3B 00 00 00 00 00 05 00 01 00 01 07 00 01 A2 17 01 B1 1B 01 D8 1F 01 FF FF FF FF 00 00 00 00 00 00 00 00 00 00 00 00 00 00 00 00 00 00 00 00 00 00 00 00 00 00 00 00 00 00 00 00 00 00 00 00 00 00 00 00 00 00 00 00 00 00 00 00 00 00 00 00 00 00 00 00 00 00 00 00 00 00 00 00 00 00 00 00 00 00 00 00 00 00 00 00 00 00 00 00 01 00 00 00 00 00 00 00 00 00 00 00 00 00 00 00 00 00 00 00 00 00 00 00 00 00 00 00 00 00 00 00 00 00 00 00 00 00 00 00 00 00 00 00 00 00 00 00 00 00 00 00 00 00 00 00 00 00 00 00 00 00 00 00 00 00 00 00 00 00 00 00 00 00 00 00 00 00 00 00 D0 1B 95 DA 2F E1 CD 01 00 00 00 00 00 00 00 00 00 00 00 00 00 00 00 00 00 00 00 00 00 00 00 00 00 00 00 00 00 00 00 00 00 00 00 00 00 00 00 00 00 00 00 00 00 00 00 00 00 00 00 00 00 00 00 00 00 00 00 00 00 00 00 00 00 00 00 00 00 00 00 D0 5B 2B B0 66 E0 CD 01 64 00 00 00 00 01
 MapID: 20000


------------------------ 2012-12-22 16:07:21 ------------------------
Error Type: 38
Data Length: 1681
Error for player ; dfggfdg - account ; admin
WARP_TO_MAP Opcode: 204
02 00 01 00 00 00 00 00 00 00 02 00 00 00 00 00 00 00 00 00 00 00 00 00 00 00 00 01 00 00 00 00 01 00 00 D7 F8 42 C8 D7 F8 42 C8 D7 F8 42 C8 FF FF FF FF FD FF FF FF 00 00 00 00 00 00 00 00 16 00 00 00 64 66 67 67 66 64 67 00 00 00 00 00 00 00 03 33 4E 00 00 62 75 00 00 00 00 00 00 00 00 00 00 00 00 00 00 00 00 00 00 00 00 00 00 00 00 00 00 01 00 00 0C 00 05 00 04 00 04 00 AC 01 00 00 AC 01 00 00 32 00 00 00 32 00 00 00 00 00 04 00 00 00 00 00 00 00 00 00 00 00 00 00 10 27 00 00 00 00 00 00 00 01 00 00 68 8C EE 77 00 00 00 00 00 00 00 00 00 00 00 00 00 00 00 00 00 00 00 00 00 00 00 00 00 00 00 00 00 00 00 00 00 00 00 00 00 00 40 E0 FD 3B 37 4F 01 00 00 00 00 0A 00 00 00 00 05 00 00 00 00 00 3B 37 4F 01 00 40 E0 FD 00 00 00 00 00 00 00 00 00 00 00 00 00 00 00 00 00 00 00 00 00 00 00 00 00 00 00 00 00 00 00 00 00 00 00 00 00 00 00 00 00 00 00 00 00 00 00 00 00 00 00 00 00 00 00 00 00 00 00 66 E0 CD 01 B0 C5 FF CD 14 01 06 00 53 74 65 76 65 6E 01 09 00 44 75 61 6C 42 6C 61 64 65 00 00 00 00 00 00 00 00 00 20 20 20 20 3C 00 40 E0 FD 3B 37 4F 01 05 00 01 19 DF 0F 00 00 00 80 05 BB 46 E6 17 02 FF FF FF FF 07 00 00 00 00 00 00 00 00 00 00 00 00 00 00 00 00 00 03 00 00 00 00 00 00 00 00 00 00 00 00 00 00 00 00 00 00 01 00 00 00 00 FF FF FF FF 00 00 00 00 00 00 00 00 00 00 00 00 00 00 00 00 00 00 00 00 FF FF FF FF FF FF FF FF FF FF FF FF FF FF 00 40 E0 FD 3B 37 4F 01 FF FF FF FF 06 00 01 2C 2D 10 00 00 00 80 05 BB 46 E6 17 02 FF FF FF FF 07 00 00 00 00 00 00 00 00 00 00 00 00 00 00 00 00 00 02 00 00 00 00 00 00 00 00 00 00 00 00 00 00 00 00 00 00 01 00 00 00 00 FF FF FF FF 00 00 00 00 00 00 00 00 00 00 00 00 00 00 00 00 00 00 00 00 FF FF FF FF FF FF FF FF FF FF FF FF FF FF 00 40 E0 FD 3B 37 4F 01 FF FF FF FF 07 00 01 A5 5B 10 00 00 00 80 05 BB 46 E6 17 02 FF FF FF FF 05 00 00 00 00 00 00 00 00 00 00 00 00 00 00 00 00 00 02 00 00 00 00 00 00 00 00 00 00 00 00 00 00 00 00 00 00 01 00 00 00 00 FF FF FF FF 00 00 00 00 00 00 00 00 00 00 00 00 00 00 00 00 00 00 00 00 FF FF FF FF FF FF FF FF FF FF FF FF FF FF 00 40 E0 FD 3B 37 4F 01 FF FF FF FF 0B 00 01 6D 2C 14 00 00 00 80 05 BB 46 E6 17 02 FF FF FF FF 07 00 00 00 00 00 00 00 00 00 00 00 00 00 13 00 00 00 00 00 00 00 00 00 00 00 00 00 00 00 00 00 00 00 00 00 00 01 00 00 00 00 FF FF FF FF 00 00 00 00 00 00 00 00 00 00 00 00 00 00 00 00 00 00 00 00 FF FF FF FF FF FF FF FF FF FF FF FF FF FF 00 40 E0 FD 3B 37 4F 01 FF FF FF FF 37 00 01 20 E2 11 00 00 00 80 05 BB 46 E6 17 02 FF FF FF FF 00 00 01 00 01 00 01 00 01 00 00 00 00 00 00 00 00 00 00 00 00 00 00 00 00 00 00 00 00 00 00 00 00 00 00 00 00 01 00 00 00 00 FF FF FF FF 00 00 00 00 00 00 00 00 00 00 00 00 00 00 00 00 00 00 00 00 FF FF FF FF FF FF FF FF FF FF FF FF FF FF 00 40 E0 FD 3B 37 4F 01 FF FF FF FF 00 00 00 00 00 00 00 00 00 00 00 00 00 00 00 00 00 00 FF FF FF FF 00 00 00 00 00 00 00 00 00 01 0E 00 80 B8 C4 04 01 00 00 00 00 80 05 BB 46 E6 17 02 0C 00 00 00 14 00 00 00 00 80 05 BB 46 E6 17 02 49 00 00 00 18 00 00 00 00 80 05 BB 46 E6 17 02 0F 3D 42 00 00 00 00 00 00 80 05 BB 46 E6 17 02 0A 00 00 00 FA 15 42 00 00 00 00 00 00 80 05 BB 46 E6 17 02 0A 00 00 00 DB C7 41 00 FF FF FF FF 00 80 05 BB 46 E6 17 02 05 00 00 00 EE EE 41 00 FF FF FF FF 00 80 05 BB 46 E6 17 02 05 00 00 00 0E 3D 42 00 00 00 00 00 00 80 05 BB 46 E6 17 02 0A 00 00 00 19 12 42 00 00 00 00 00 00 80 05 BB 46 E6 17 02 0A 00 00 00 2D 39 42 00 00 00 00 00 00 80 05 BB 46 E6 17 02 0A 00 00 00 0C 3D 42 00 00 00 00 00 00 80 05 BB 46 E6 17 02 0A 00 00 00 13 3D 42 00 00 00 00 00 00 80 05 BB 46 E6 17 02 0A 00 00 00 2C 39 42 00 00 00 00 00 00 80 05 BB 46 E6 17 02 0A 00 00 00 08 3D 42 00 00 00 00 00 00 80 05 BB 46 E6 17 02 0A 00 00 00 00 00 01 00 00 00 00 01 00 00 00 00 00 00 00 00 00 00 FF C9 9A 3B FF C9 9A 3B FF C9 9A 3B FF C9 9A 3B FF C9 9A 3B FF C9 9A 3B FF C9 9A 3B FF C9 9A 3B FF C9 9A 3B FF C9 9A 3B FF C9 9A 3B FF C9 9A 3B FF C9 9A 3B FF C9 9A 3B FF C9 9A 3B FF C9 9A 3B FF C9 9A 3B FF C9 9A 3B FF C9 9A 3B FF C9 9A 3B FF C9 9A 3B FF C9 9A 3B FF C9 9A 3B FF C9 9A 3B FF C9 9A 3B FF C9 9A 3B FF C9 9A 3B FF C9 9A 3B FF C9 9A 3B FF C9 9A 3B FF C9 9A 3B FF C9 9A 3B FF C9 9A 3B FF C9 9A 3B FF C9 9A 3B FF C9 9A 3B FF C9 9A 3B FF C9 9A 3B FF C9 9A 3B FF C9 9A 3B FF C9 9A 3B 00 00 00 00 00 05 00 01 00 01 07 00 01 A2 17 01 B1 1B 01 D8 1F 01 FF FF FF FF 00 00 00 00 00 00 00 00 00 00 00 00 00 00 00 00 00 00 00 00 00 00 00 00 00 00 00 00 00 00 00 00 00 00 00 00 00 00 00 00 00 00 00 00 00 00 00 00 00 00 00 00 00 00 00 00 00 00 00 00 00 00 00 00 00 00 00 00 00 00 00 00 00 00 00 00 00 00 00 00 01 00 00 00 00 00 00 00 00 00 00 00 00 00 00 00 00 00 00 00 00 00 00 00 00 00 00 00 00 00 00 00 00 00 00 00 00 00 00 00 00 00 00 00 00 00 00 00 00 00 00 00 00 00 00 00 00 00 00 00 00 00 00 00 00 00 00 00 00 00 00 00 00 00 00 00 00 00 00 00 C0 AC 69 F8 2F E1 CD 01 00 00 00 00 00 00 00 00 00 00 00 00 00 00 00 00 00 00 00 00 00 00 00 00 00 00 00 00 00 00 00 00 00 00 00 00 00 00 00 00 00 00 00 00 00 00 00 00 00 00 00 00 00 00 00 00 00 00 00 00 00 00 00 00 00 00 00 00 00 00 00 C0 EC FF CD 66 E0 CD 01 64 00 00 00 00 01
 MapID: 10000


------------------------ 2012-12-22 16:11:07 ------------------------
Error Type: 38
Data Length: 1681
Error for player ; rfdgdfg - account ; admin
WARP_TO_MAP Opcode: 204
02 00 01 00 00 00 00 00 00 00 02 00 00 00 00 00 00 00 00 00 00 00 00 00 00 00 00 01 00 00 00 00 01 00 00 C0 1D 5F 50 C0 1D 5F 50 C0 1D 5F 50 FF FF FF FF FD FF FF FF 00 00 00 00 00 00 00 00 17 00 00 00 72 66 64 67 64 66 67 00 00 00 00 00 00 00 00 32 4E 00 00 D0 77 00 00 00 00 00 00 00 00 00 00 00 00 00 00 00 00 00 00 00 00 00 00 00 00 00 00 01 B2 01 0C 00 05 00 04 00 04 00 32 00 00 00 32 00 00 00 32 00 00 00 32 00 00 00 00 00 03 00 00 00 00 00 00 00 00 00 00 00 00 00 10 27 00 00 02 00 00 00 00 01 00 00 68 8C EE 77 00 00 00 00 00 00 00 00 00 00 00 00 00 00 00 00 00 00 00 00 00 00 00 00 00 00 00 00 00 00 00 00 00 00 00 00 00 00 40 E0 FD 3B 37 4F 01 00 00 00 00 0A 00 00 00 00 05 00 00 00 00 00 3B 37 4F 01 00 40 E0 FD 00 00 00 00 00 00 00 00 00 00 00 00 00 00 00 00 00 00 00 00 00 00 00 00 00 00 00 00 00 00 00 00 00 00 00 00 00 00 00 00 00 00 00 00 00 00 00 00 00 00 00 00 00 00 00 00 00 00 00 67 E0 CD 01 70 2D EC 54 14 01 06 00 53 74 65 76 65 6E 01 09 00 44 75 61 6C 42 6C 61 64 65 00 00 00 00 00 00 00 00 00 20 20 20 20 3C 00 40 E0 FD 3B 37 4F 01 05 00 01 15 DF 0F 00 00 00 80 05 BB 46 E6 17 02 FF FF FF FF 07 00 00 00 00 00 00 00 00 00 00 00 00 00 00 00 00 00 03 00 00 00 00 00 00 00 00 00 00 00 00 00 00 00 00 00 00 01 00 00 00 00 FF FF FF FF 00 00 00 00 00 00 00 00 00 00 00 00 00 00 00 00 00 00 00 00 FF FF FF FF FF FF FF FF FF FF FF FF FF FF 00 40 E0 FD 3B 37 4F 01 FF FF FF FF 06 00 01 30 2D 10 00 00 00 80 05 BB 46 E6 17 02 FF FF FF FF 07 00 00 00 00 00 00 00 00 00 00 00 00 00 00 00 00 00 02 00 00 00 00 00 00 00 00 00 00 00 00 00 00 00 00 00 00 01 00 00 00 00 FF FF FF FF 00 00 00 00 00 00 00 00 00 00 00 00 00 00 00 00 00 00 00 00 FF FF FF FF FF FF FF FF FF FF FF FF FF FF 00 40 E0 FD 3B 37 4F 01 FF FF FF FF 07 00 01 A5 5B 10 00 00 00 80 05 BB 46 E6 17 02 FF FF FF FF 05 00 00 00 00 00 00 00 00 00 00 00 00 00 00 00 00 00 02 00 00 00 00 00 00 00 00 00 00 00 00 00 00 00 00 00 00 01 00 00 00 00 FF FF FF FF 00 00 00 00 00 00 00 00 00 00 00 00 00 00 00 00 00 00 00 00 FF FF FF FF FF FF FF FF FF FF FF FF FF FF 00 40 E0 FD 3B 37 4F 01 FF FF FF FF 0B 00 01 F0 DD 13 00 00 00 80 05 BB 46 E6 17 02 FF FF FF FF 07 00 00 00 00 00 00 00 00 00 00 00 00 00 11 00 00 00 00 00 00 00 00 00 00 00 00 00 00 00 00 00 00 00 00 00 00 01 00 00 00 00 FF FF FF FF 00 00 00 00 00 00 00 00 00 00 00 00 00 00 00 00 00 00 00 00 FF FF FF FF FF FF FF FF FF FF FF FF FF FF 00 40 E0 FD 3B 37 4F 01 FF FF FF FF 37 00 01 20 E2 11 00 00 00 80 05 BB 46 E6 17 02 FF FF FF FF 00 00 01 00 01 00 01 00 01 00 00 00 00 00 00 00 00 00 00 00 00 00 00 00 00 00 00 00 00 00 00 00 00 00 00 00 00 01 00 00 00 00 FF FF FF FF 00 00 00 00 00 00 00 00 00 00 00 00 00 00 00 00 00 00 00 00 FF FF FF FF FF FF FF FF FF FF FF FF FF FF 00 40 E0 FD 3B 37 4F 01 FF FF FF FF 00 00 00 00 00 00 00 00 00 00 00 00 00 00 00 00 00 00 FF FF FF FF 00 00 00 00 00 00 00 00 00 01 0E 00 80 B8 C4 04 01 00 00 00 00 80 05 BB 46 E6 17 02 0C 00 00 00 14 00 00 00 00 80 05 BB 46 E6 17 02 49 00 00 00 18 00 00 00 00 80 05 BB 46 E6 17 02 0F 3D 42 00 00 00 00 00 00 80 05 BB 46 E6 17 02 0A 00 00 00 FA 15 42 00 00 00 00 00 00 80 05 BB 46 E6 17 02 0A 00 00 00 DB C7 41 00 FF FF FF FF 00 80 05 BB 46 E6 17 02 05 00 00 00 EE EE 41 00 FF FF FF FF 00 80 05 BB 46 E6 17 02 05 00 00 00 0E 3D 42 00 00 00 00 00 00 80 05 BB 46 E6 17 02 0A 00 00 00 2C 39 42 00 00 00 00 00 00 80 05 BB 46 E6 17 02 0A 00 00 00 19 12 42 00 00 00 00 00 00 80 05 BB 46 E6 17 02 0A 00 00 00 2D 39 42 00 00 00 00 00 00 80 05 BB 46 E6 17 02 0A 00 00 00 08 3D 42 00 00 00 00 00 00 80 05 BB 46 E6 17 02 0A 00 00 00 0C 3D 42 00 00 00 00 00 00 80 05 BB 46 E6 17 02 0A 00 00 00 13 3D 42 00 00 00 00 00 00 80 05 BB 46 E6 17 02 0A 00 00 00 00 00 01 00 00 00 00 01 00 00 00 00 00 00 00 00 00 00 FF C9 9A 3B FF C9 9A 3B FF C9 9A 3B FF C9 9A 3B FF C9 9A 3B FF C9 9A 3B FF C9 9A 3B FF C9 9A 3B FF C9 9A 3B FF C9 9A 3B FF C9 9A 3B FF C9 9A 3B FF C9 9A 3B FF C9 9A 3B FF C9 9A 3B FF C9 9A 3B FF C9 9A 3B FF C9 9A 3B FF C9 9A 3B FF C9 9A 3B FF C9 9A 3B FF C9 9A 3B FF C9 9A 3B FF C9 9A 3B FF C9 9A 3B FF C9 9A 3B FF C9 9A 3B FF C9 9A 3B FF C9 9A 3B FF C9 9A 3B FF C9 9A 3B FF C9 9A 3B FF C9 9A 3B FF C9 9A 3B FF C9 9A 3B FF C9 9A 3B FF C9 9A 3B FF C9 9A 3B FF C9 9A 3B FF C9 9A 3B FF C9 9A 3B 00 00 00 00 00 05 00 01 00 01 07 00 01 A2 17 01 B1 1B 01 D8 1F 01 FF FF FF FF 00 00 00 00 00 00 00 00 00 00 00 00 00 00 00 00 00 00 00 00 00 00 00 00 00 00 00 00 00 00 00 00 00 00 00 00 00 00 00 00 00 00 00 00 00 00 00 00 00 00 00 00 00 00 00 00 00 00 00 00 00 00 00 00 00 00 00 00 00 00 00 00 00 00 00 00 00 00 00 00 01 00 00 00 00 00 00 00 00 00 00 00 00 00 00 00 00 00 00 00 00 00 00 00 00 00 00 00 00 00 00 00 00 00 00 00 00 00 00 00 00 00 00 00 00 00 00 00 00 00 00 00 00 00 00 00 00 00 00 00 00 00 00 00 00 00 00 00 00 00 00 00 00 00 00 00 00 00 00 00 70 ED 55 7F 30 E1 CD 01 00 00 00 00 00 00 00 00 00 00 00 00 00 00 00 00 00 00 00 00 00 00 00 00 00 00 00 00 00 00 00 00 00 00 00 00 00 00 00 00 00 00 00 00 00 00 00 00 00 00 00 00 00 00 00 00 00 00 00 00 00 00 00 00 00 00 00 00 00 00 00 70 2D EC 54 67 E0 CD 01 64 00 00 00 00 01
 MapID: 10000


------------------------ 2012-12-22 16:12:27 ------------------------
Error Type: 38
Data Length: 1681
Error for player ; rfdgdfg - account ; admin
WARP_TO_MAP Opcode: 204
02 00 01 00 00 00 00 00 00 00 02 00 00 00 00 00 00 00 00 00 00 00 00 00 00 00 00 01 00 00 00 00 01 00 00 81 E4 0A 82 81 E4 0A 82 81 E4 0A 82 FF FF FF FF FD FF FF FF 00 00 00 00 00 00 00 00 17 00 00 00 72 66 64 67 64 66 67 00 00 00 00 00 00 00 00 32 4E 00 00 D0 77 00 00 00 00 00 00 00 00 00 00 00 00 00 00 00 00 00 00 00 00 00 00 00 00 00 00 01 00 00 0C 00 05 00 04 00 04 00 32 00 00 00 32 00 00 00 32 00 00 00 32 00 00 00 00 00 03 00 00 00 00 00 00 00 00 00 00 00 00 00 10 27 00 00 02 00 00 00 00 00 00 00 68 8C EE 77 00 00 00 00 00 00 00 00 00 00 00 00 00 00 00 00 00 00 00 00 00 00 00 00 00 00 00 00 00 00 00 00 00 00 00 00 00 00 40 E0 FD 3B 37 4F 01 00 00 00 00 0A 00 00 00 00 05 00 00 00 00 00 3B 37 4F 01 00 40 E0 FD 00 00 00 00 00 00 00 00 00 00 00 00 00 00 00 00 00 00 00 00 00 00 00 00 00 00 00 00 00 00 00 00 00 00 00 00 00 00 00 00 00 00 00 00 00 00 00 00 00 00 00 00 00 00 00 00 00 00 00 67 E0 CD 01 C0 60 61 84 14 01 06 00 53 74 65 76 65 6E 01 09 00 44 75 61 6C 42 6C 61 64 65 00 00 00 00 00 00 00 00 00 20 20 20 20 3C 00 40 E0 FD 3B 37 4F 01 05 00 01 15 DF 0F 00 00 00 80 05 BB 46 E6 17 02 FF FF FF FF 07 00 00 00 00 00 00 00 00 00 00 00 00 00 00 00 00 00 03 00 00 00 00 00 00 00 00 00 00 00 00 00 00 00 00 00 00 01 00 00 00 00 FF FF FF FF 00 00 00 00 00 00 00 00 00 00 00 00 00 00 00 00 00 00 00 00 FF FF FF FF FF FF FF FF FF FF FF FF FF FF 00 40 E0 FD 3B 37 4F 01 FF FF FF FF 06 00 01 30 2D 10 00 00 00 80 05 BB 46 E6 17 02 FF FF FF FF 07 00 00 00 00 00 00 00 00 00 00 00 00 00 00 00 00 00 02 00 00 00 00 00 00 00 00 00 00 00 00 00 00 00 00 00 00 01 00 00 00 00 FF FF FF FF 00 00 00 00 00 00 00 00 00 00 00 00 00 00 00 00 00 00 00 00 FF FF FF FF FF FF FF FF FF FF FF FF FF FF 00 40 E0 FD 3B 37 4F 01 FF FF FF FF 07 00 01 A5 5B 10 00 00 00 80 05 BB 46 E6 17 02 FF FF FF FF 05 00 00 00 00 00 00 00 00 00 00 00 00 00 00 00 00 00 02 00 00 00 00 00 00 00 00 00 00 00 00 00 00 00 00 00 00 01 00 00 00 00 FF FF FF FF 00 00 00 00 00 00 00 00 00 00 00 00 00 00 00 00 00 00 00 00 FF FF FF FF FF FF FF FF FF FF FF FF FF FF 00 40 E0 FD 3B 37 4F 01 FF FF FF FF 0B 00 01 F0 DD 13 00 00 00 80 05 BB 46 E6 17 02 FF FF FF FF 07 00 00 00 00 00 00 00 00 00 00 00 00 00 11 00 00 00 00 00 00 00 00 00 00 00 00 00 00 00 00 00 00 00 00 00 00 01 00 00 00 00 FF FF FF FF 00 00 00 00 00 00 00 00 00 00 00 00 00 00 00 00 00 00 00 00 FF FF FF FF FF FF FF FF FF FF FF FF FF FF 00 40 E0 FD 3B 37 4F 01 FF FF FF FF 37 00 01 20 E2 11 00 00 00 80 05 BB 46 E6 17 02 FF FF FF FF 00 00 01 00 01 00 01 00 01 00 00 00 00 00 00 00 00 00 00 00 00 00 00 00 00 00 00 00 00 00 00 00 00 00 00 00 00 01 00 00 00 00 FF FF FF FF 00 00 00 00 00 00 00 00 00 00 00 00 00 00 00 00 00 00 00 00 FF FF FF FF FF FF FF FF FF FF FF FF FF FF 00 40 E0 FD 3B 37 4F 01 FF FF FF FF 00 00 00 00 00 00 00 00 00 00 00 00 00 00 00 00 00 00 FF FF FF FF 00 00 00 00 00 00 00 00 00 01 0E 00 80 B8 C4 04 01 00 00 00 00 80 05 BB 46 E6 17 02 0C 00 00 00 14 00 00 00 00 80 05 BB 46 E6 17 02 49 00 00 00 18 00 00 00 00 80 05 BB 46 E6 17 02 0F 3D 42 00 00 00 00 00 00 80 05 BB 46 E6 17 02 0A 00 00 00 FA 15 42 00 00 00 00 00 00 80 05 BB 46 E6 17 02 0A 00 00 00 DB C7 41 00 FF FF FF FF 00 80 05 BB 46 E6 17 02 05 00 00 00 EE EE 41 00 FF FF FF FF 00 80 05 BB 46 E6 17 02 05 00 00 00 0E 3D 42 00 00 00 00 00 00 80 05 BB 46 E6 17 02 0A 00 00 00 2C 39 42 00 00 00 00 00 00 80 05 BB 46 E6 17 02 0A 00 00 00 19 12 42 00 00 00 00 00 00 80 05 BB 46 E6 17 02 0A 00 00 00 2D 39 42 00 00 00 00 00 00 80 05 BB 46 E6 17 02 0A 00 00 00 08 3D 42 00 00 00 00 00 00 80 05 BB 46 E6 17 02 0A 00 00 00 0C 3D 42 00 00 00 00 00 00 80 05 BB 46 E6 17 02 0A 00 00 00 13 3D 42 00 00 00 00 00 00 80 05 BB 46 E6 17 02 0A 00 00 00 00 00 01 00 00 00 00 01 00 00 00 00 00 00 00 00 00 00 FF C9 9A 3B FF C9 9A 3B FF C9 9A 3B FF C9 9A 3B FF C9 9A 3B FF C9 9A 3B FF C9 9A 3B FF C9 9A 3B FF C9 9A 3B FF C9 9A 3B FF C9 9A 3B FF C9 9A 3B FF C9 9A 3B FF C9 9A 3B FF C9 9A 3B FF C9 9A 3B FF C9 9A 3B FF C9 9A 3B FF C9 9A 3B FF C9 9A 3B FF C9 9A 3B FF C9 9A 3B FF C9 9A 3B FF C9 9A 3B FF C9 9A 3B FF C9 9A 3B FF C9 9A 3B FF C9 9A 3B FF C9 9A 3B FF C9 9A 3B FF C9 9A 3B FF C9 9A 3B FF C9 9A 3B FF C9 9A 3B FF C9 9A 3B FF C9 9A 3B FF C9 9A 3B FF C9 9A 3B FF C9 9A 3B FF C9 9A 3B FF C9 9A 3B 00 00 00 00 00 05 00 01 00 01 07 00 01 A2 17 01 B1 1B 01 D8 1F 01 FF FF FF FF 00 00 00 00 00 00 00 00 00 00 00 00 00 00 00 00 00 00 00 00 00 00 00 00 00 00 00 00 00 00 00 00 00 00 00 00 00 00 00 00 00 00 00 00 00 00 00 00 00 00 00 00 00 00 00 00 00 00 00 00 00 00 00 00 00 00 00 00 00 00 00 00 00 00 00 00 00 00 00 00 01 00 00 00 00 00 00 00 00 00 00 00 00 00 00 00 00 00 00 00 00 00 00 00 00 00 00 00 00 00 00 00 00 00 00 00 00 00 00 00 00 00 00 00 00 00 00 00 00 00 00 00 00 00 00 00 00 00 00 00 00 00 00 00 00 00 00 00 00 00 00 00 00 00 00 00 00 00 00 00 C0 20 CB AE 30 E1 CD 01 00 00 00 00 00 00 00 00 00 00 00 00 00 00 00 00 00 00 00 00 00 00 00 00 00 00 00 00 00 00 00 00 00 00 00 00 00 00 00 00 00 00 00 00 00 00 00 00 00 00 00 00 00 00 00 00 00 00 00 00 00 00 00 00 00 00 00 00 00 00 00 C0 60 61 84 67 E0 CD 01 64 00 00 00 00 01
 MapID: 10000

